67
142
-44
-30
-28
-28
-27
-25
-25
-26
-30
-29
-29
-29
-28
-24
-25
-24
-23
-22
-23
-24
-24
-24
-25
-20
-21
-22
-23
-25
-23
-18
-13
-11
-17
-20
-11
-11
-9
-7
-5
-4
-3
-1
1
3
4
6
7
4
6
5
23
21
11
17
22
22
22
27
29
29
29
29
30
32
31
31
32
33
36
37
38
38
42
47
51
51
53
53
51
49
51
51
50
50
49
49
50
51
52
55
55
56
57
59
60
60
61
62
52
53
53
53
53
53
53
53
53
53
54
54
54
53
65
65
59
60
60
57
52
51
51
56
57
54
52
49
46
44
41
42
43
45
47
44
43
41
38
36
36
41
40
39
38
42
36
28
24
25
29
29
27
24
22
22
22
22
22
22
20
12
5
7
6
4
1
3
5
6
7
2
2
2
1
0
0
0
-3
-6
-10
-13
-16
-16
-16
-13
-9
-6
-7
-22
-21
-21
-21
-22
-22
-22
-23
-24
-24
-24
-26
-28
-27
-31
-36
-38
-38
-38
-37
-33
-29
-29
-27
-40
-18
-3
13
31
50
70
90
111
131
150
167
184
199
212
206
213
211
211
211
211
211
205
205
197
198
198
197
197
197
196
195
195
194
194
193
196
198
188
191
195
193
190
190
188
186
186
186
185
179
180
181
182
184
184
184
182
181
180
179
180
180
179
180
182
182
180
177
177
177
174
171
167
169
169
170
170
171
172
174
175
175
175
177
178
177
176
174
173
172
171
163
162
161
172
150
134
115
93
71
48
24
1
-22
-43
-63
-80
-95
-89
-96
-96
-98
-96
-94
-94
-94
-96
-98
-100
-98
-95
-99
-101
-100
-96
-93
-94
-93
-94
-94
-95
-96
-86
-85
-95
-95
-93
-93
-93
-94
-96
-98
-98
-97
-96
-95
-93
-92
-91
-92
-91
-89
-87
-88
-88
-87
-87
-86
-87
-89
-93
-98
-96
-96
-96
-96
-89
-90
-88
-85
-85
-89
-88
-92
-93
-94
-89
-81
-85
-85
-85
-86
-87
-88
-88
-89
-89
-90
-89
-86
-84
-81
-82
-83
-84
-87
-81
-82
-82
-82
-82
-82
-82
-82
-82
-82
-82
-79
-83
-83
-82
-82
-82
-80
-79
-78
-78
-74
-73
-80
-80
-82
-80
-72
-74
-74
-73
-73
-80
-80
-78
-76
-76
-78
-79
-75
-74
-73
-73
-73
-73
-71
-73
-73
-74
-76
-77
-78
-80
-78
-77
-77
-76
-76
-76
-76
-76
-78
-78
-78
-75
-76
-76
-76
-75
-75
-74
-74
-74
-73
-73
-78
-75
-72
-69
-69
-70
-71
-69
-69
-69
-69
-69
-70
-70
-71
-72
-72
-73
-73
-73
-77
-68
-62
-59
-61
-110
207
